[(1208.0, 697.0), (2313.0, 689.0), (3539.5, 1691.0), (33.5, 1766.5)]
[(1209.0, 697.0), (2315.0, 691.0), (3539.5, 1691.5), (33.5, 1766.5)]
[(1209.0, 697.0), (2314.0, 690.0), (3539.5, 1692.0), (33.5, 1765.5)]
[(1202.0, 692.0), (2314.0, 690.0), (3540.0, 1691.5), (32.5, 1765.5)]
[(1201.0, 692.0), (2314.0, 689.5), (3540.0, 1692.5), (32.0, 1765.0)]
[(1202.0, 691.0), (2314.0, 689.5), (3540.5, 1692.0), (32.5, 1765.5)]
[(1202.0, 691.0), (2314.0, 689.0), (3540.0, 1691.5), (32.5, 1765.5)]
[(1203.0, 690.0), (2314.0, 689.0), (3540.0, 1692.5), (32.5, 1765.5)]
[(1202.0, 690.0), (2314.0, 690.0), (3540.5, 1692.0), (32.5, 1765.5)]
[(1202.0, 690.0), (2314.0, 689.5), (3540.5, 1692.0), (31.5, 1764.5)]
[(1202.0, 691.0), (2314.0, 689.0), (3540.5, 1692.5), (32.0, 1765.0)]
[(1202.0, 691.0), (2314.0, 689.0), (3540.5, 1691.0), (33.0, 1766.0)]
[(1202.0, 691.0), (2314.0, 689.0), (3540.5, 1692.0), (33.0, 1766.0)]
[(1202.0, 691.0), (2314.0, 689.0), (3539.5, 1692.5), (32.5, 1765.5)]
[(1202.0, 691.0), (2314.0, 690.0), (3540.5, 1691.0), (33.0, 1766.0)]
[(1202.0, 691.0), (2314.0, 690.0), (3540.5, 1692.0), (33.0, 1766.0)]
[(1202.0, 691.0), (2313.0, 689.0), (3540.0, 1692.5), (33.0, 1765.0)]
[(1202.0, 691.0), (2313.0, 689.0), (3540.5, 1692.0), (33.5, 1765.5)]
[(1202.0, 691.0), (2313.0, 689.0), (3539.5, 1692.5), (33.0, 1766.0)]
[(1202.0, 691.0), (2314.0, 690.0), (3539.5, 1691.5), (33.5, 1765.5)]
[(1202.0, 690.0), (2314.0, 690.0), (3539.5, 1692.5), (33.5, 1765.5)]
[(1202.0, 691.0), (2313.0, 690.0), (3540.0, 1691.5), (33.5, 1765.5)]
[(1202.0, 691.0), (2313.0, 689.0), (3540.5, 1692.0), (32.5, 1764.5)]
[(1202.0, 691.0), (2314.0, 689.0), (3539.5, 1692.0), (32.5, 1764.5)]
[(1202.0, 691.0), (2313.0, 689.0), (3540.5, 1692.0), (32.5, 1764.5)]
[(1203.0, 691.0), (2313.0, 690.0), (3539.5, 1692.0), (32.5, 1764.5)]
[(1202.0, 691.0), (2313.0, 690.0), (3540.5, 1692.0), (32.5, 1764.5)]
[(1202.0, 691.0), (2314.0, 689.0), (3540.5, 1692.0), (33.5, 1764.5)]
[(1202.0, 691.0), (2314.0, 689.0), (3540.5, 1692.0), (32.5, 1764.5)]
[(1202.0, 691.0), (2313.0, 690.0), (3540.5, 1692.0), (33.0, 1765.0)]
[(1202.0, 691.0), (2313.0, 689.0), (3540.5, 1692.0), (34.0, 1765.0)]
[(1203.0, 691.0), (2314.0, 689.0), (3540.5, 1692.0), (34.5, 1764.5)]
[(1202.0, 691.0), (2313.0, 689.0), (3539.5, 1692.5), (33.5, 1764.5)]
[(1202.0, 692.0), (2313.0, 689.0), (3540.0, 1692.0), (34.0, 1765.0)]
[(1202.0, 691.0), (2314.0, 689.0), (3539.5, 1692.5), (34.5, 1765.5)]
[(1202.0, 691.0), (2314.0, 689.0), (3540.5, 1692.0), (34.0, 1766.0)]
[(1203.0, 691.0), (2313.0, 689.0), (3540.5, 1693.0), (34.0, 1766.0)]
[(1202.0, 691.0), (2313.0, 689.0), (3540.5, 1693.0), (34.5, 1765.5)]
[(1202.0, 691.0), (2313.0, 689.0), (3540.5, 1693.0), (35.0, 1766.0)]
[(1202.0, 692.0), (2315.0, 690.0), (3540.5, 1693.5), (36.0, 1766.0)]
[(1202.0, 691.0), (2314.0, 690.0), (3541.5, 1693.0), (35.0, 1766.0)]
[(1202.0, 691.0), (2314.0, 690.0), (3541.5, 1693.0), (36.0, 1766.0)]
[(1202.0, 692.0), (2314.0, 690.0), (3541.5, 1693.0), (35.5, 1765.5)]
[(1202.0, 692.0), (2314.0, 690.0), (3541.5, 1694.0), (36.0, 1767.0)]
[(1202.0, 692.0), (2314.0, 690.0), (3540.5, 1694.0), (35.5, 1766.5)]
[(1202.0, 692.0), (2314.0, 690.0), (3541.5, 1693.0), (35.5, 1765.5)]
[(1202.0, 692.0), (2314.0, 690.0), (3541.5, 1693.0), (35.5, 1765.5)]
[(1203.0, 692.0), (2314.0, 690.0), (3540.5, 1693.0), (36.5, 1766.5)]
[(1203.0, 692.0), (2314.0, 691.0), (3540.5, 1693.0), (36.0, 1766.0)]
[(1203.0, 692.0), (2314.0, 691.0), (3540.5, 1693.0), (36.0, 1766.0)]
[(1203.0, 691.0), (2314.0, 691.0), (3541.5, 1693.0), (36.0, 1766.0)]
[(1203.0, 692.0), (2314.0, 691.0), (3540.5, 1693.5), (36.5, 1766.5)]
[(1203.0, 692.0), (2314.0, 691.0), (3540.5, 1693.0), (36.5, 1766.5)]
[(1203.0, 691.0), (2314.0, 691.0), (3540.5, 1694.0), (36.5, 1766.5)]
[(1203.0, 691.0), (2314.0, 690.0), (3540.5, 1694.0), (36.0, 1766.0)]
[(1203.0, 691.0), (2314.0, 690.0), (3540.5, 1694.0), (36.0, 1766.0)]
[(1203.0, 691.0), (2314.0, 691.0), (3540.5, 1694.0), (36.5, 1766.5)]
[(1203.0, 692.0), (2313.0, 691.0), (3540.5, 1694.0), (37.5, 1766.5)]
[(1203.0, 692.0), (2313.0, 691.0), (3540.5, 1694.0), (36.5, 1766.5)]
[(1203.0, 691.0), (2313.0, 690.0), (3540.5, 1694.0), (36.5, 1766.5)]
[(1202.0, 691.0), (2313.0, 690.0), (3540.5, 1694.5), (37.5, 1766.5)]
[(1202.0, 691.0), (2313.0, 691.0), (3539.5, 1694.0), (36.0, 1766.0)]
[(1202.0, 691.0), (2314.0, 691.0), (3540.5, 1694.0), (37.0, 1767.0)]
[(1202.0, 691.0), (2314.0, 691.0), (3540.5, 1694.0), (36.5, 1766.5)]
[(1202.0, 691.0), (2314.0, 690.0), (3539.5, 1695.0), (37.5, 1766.5)]
[(1202.0, 691.0), (2313.0, 690.0), (3540.5, 1695.0), (36.5, 1766.5)]
[(1202.0, 691.0), (2313.0, 691.0), (3539.5, 1695.5), (36.5, 1766.5)]
[(1202.0, 691.0), (2313.0, 691.0), (3539.5, 1694.5), (36.5, 1766.5)]
[(1202.0, 691.0), (2313.0, 690.0), (3539.5, 1694.0), (36.5, 1766.5)]
[(1203.0, 691.0), (2313.0, 691.0), (3539.5, 1695.0), (36.5, 1766.5)]
[(1203.0, 691.0), (2313.0, 690.0), (3539.5, 1695.0), (36.5, 1766.5)]
[(1202.0, 691.0), (2314.0, 691.0), (3539.5, 1695.0), (35.5, 1766.5)]
[(1202.0, 691.0), (2314.0, 690.0), (3539.0, 1695.0), (36.5, 1766.5)]
[(1202.0, 691.0), (2314.0, 691.0), (3538.0, 1695.0), (35.5, 1766.5)]
[(1203.0, 692.0), (2313.0, 690.0), (3538.0, 1695.0), (35.5, 1766.5)]
[(1202.0, 692.0), (2313.0, 691.0), (3537.5, 1694.5), (36.5, 1766.5)]
[(1202.0, 692.0), (2313.0, 691.0), (3537.5, 1694.5), (35.5, 1766.5)]
[(1202.0, 692.0), (2314.0, 691.0), (3537.5, 1694.5), (36.0, 1766.0)]
[(1202.0, 692.0), (2313.0, 691.0), (3537.5, 1694.5), (35.5, 1766.5)]
[(1202.0, 691.0), (2313.0, 691.0), (3537.5, 1694.5), (36.5, 1766.5)]
[(1202.0, 691.0), (2314.0, 691.0), (3536.5, 1694.5), (35.5, 1765.5)]
[(1202.0, 691.0), (2313.0, 691.0), (3537.5, 1695.0), (36.5, 1765.5)]
[(1202.0, 691.0), (2313.0, 691.0), (3536.5, 1695.5), (35.5, 1766.5)]
[(1203.0, 691.0), (2314.0, 692.0), (3536.5, 1695.0), (36.5, 1766.5)]
[(1202.0, 691.0), (2313.0, 691.0), (3536.5, 1695.0), (35.5, 1765.5)]
[(1202.0, 691.0), (2313.0, 691.0), (3537.5, 1695.0), (36.0, 1766.0)]
[(1203.0, 691.0), (2312.0, 691.0), (3536.5, 1695.5), (36.0, 1766.0)]
[(1203.0, 691.0), (2313.0, 691.0), (3536.5, 1695.0), (36.0, 1766.0)]
[(1202.0, 691.0), (2313.0, 692.0), (3536.5, 1695.0), (35.0, 1766.0)]
[(1202.0, 692.0), (2312.0, 691.0), (3536.0, 1695.5), (35.5, 1765.5)]
[(1202.0, 692.0), (2313.0, 691.0), (3536.5, 1695.0), (35.5, 1765.5)]
[(1202.0, 692.0), (2313.0, 692.0), (3536.5, 1695.0), (36.5, 1765.5)]
[(1203.0, 691.0), (2313.0, 691.0), (3536.5, 1695.0), (35.5, 1765.5)]
[(1202.0, 691.0), (2313.0, 691.0), (3536.5, 1695.0), (36.0, 1766.0)]
[(1202.0, 691.0), (2312.0, 692.0), (3536.5, 1695.0), (36.0, 1766.0)]
[(1202.0, 691.0), (2313.0, 691.0), (3536.5, 1694.5), (35.0, 1766.0)]
[(1202.0, 691.0), (2313.0, 691.0), (3536.0, 1695.0), (35.0, 1766.0)]
[(1202.0, 692.0), (2313.0, 691.0), (3536.5, 1694.0), (35.0, 1766.0)]
[(1202.0, 691.0), (2312.0, 691.0), (3536.5, 1694.5), (35.0, 1766.0)]
[(1202.0, 691.0), (2312.0, 691.0), (3536.5, 1694.0), (35.0, 1766.0)]
[(1202.0, 691.0), (2313.0, 691.0), (3535.5, 1694.5), (35.5, 1765.5)]
[(1201.0, 692.0), (2313.0, 691.0), (3535.5, 1695.5), (34.5, 1766.5)]
[(1202.0, 691.0), (2313.0, 691.0), (3536.5, 1695.0), (35.0, 1766.0)]
[(1202.0, 691.0), (2312.0, 691.0), (3536.5, 1695.0), (36.0, 1766.0)]
[(1202.0, 691.0), (2312.0, 691.0), (3536.5, 1695.0), (35.5, 1766.5)]
[(1202.0, 691.0), (2313.0, 691.0), (3536.5, 1695.0), (35.5, 1766.5)]
[(1202.0, 691.0), (2313.0, 692.0), (3536.5, 1695.0), (35.5, 1766.5)]
[(1202.0, 691.0), (2312.0, 691.0), (3536.5, 1695.0), (35.5, 1766.5)]
[(1202.0, 691.0), (2313.0, 691.0), (3536.5, 1696.0), (36.5, 1766.5)]
[(1203.0, 691.0), (2314.0, 691.0), (3536.5, 1696.0), (35.5, 1766.5)]
[(1202.0, 691.0), (2313.0, 692.0), (3536.5, 1696.0), (37.0, 1767.0)]
[(1202.0, 691.0), (2313.0, 691.0), (3537.5, 1696.0), (35.5, 1766.5)]
[(1202.0, 691.0), (2313.0, 691.0), (3537.5, 1696.0), (36.5, 1766.5)]
[(1203.0, 691.0), (2313.0, 691.0), (3537.5, 1696.0), (36.0, 1767.0)]
[(1203.0, 692.0), (2314.0, 692.0), (3537.5, 1696.0), (36.5, 1766.5)]
[(1203.0, 692.0), (2313.0, 692.0), (3537.5, 1696.0), (36.5, 1766.5)]
[(1203.0, 692.0), (2314.0, 691.0), (3537.5, 1697.0), (36.0, 1767.0)]
[(1203.0, 692.0), (2313.0, 691.0), (3538.5, 1697.0), (36.5, 1766.5)]
[(1203.0, 692.0), (2313.0, 691.0), (3539.0, 1697.5), (36.5, 1767.5)]
[(1203.0, 691.0), (2314.0, 691.0), (3538.5, 1697.0), (36.5, 1766.5)]
[(1203.0, 692.0), (2313.0, 691.0), (3538.5, 1697.0), (36.5, 1767.5)]
[(1203.0, 692.0), (2313.0, 691.0), (3538.5, 1697.0), (36.5, 1766.5)]
[(1203.0, 691.0), (2314.0, 691.0), (3538.5, 1697.0), (37.0, 1767.0)]
[(1203.0, 692.0), (2313.0, 691.0), (3537.5, 1697.0), (36.5, 1766.5)]
[(1203.0, 692.0), (2313.0, 691.0), (3538.5, 1698.0), (37.5, 1767.5)]
[(1203.0, 691.0), (2313.0, 691.0), (3538.5, 1697.0), (37.5, 1766.5)]
[(1203.0, 692.0), (2314.0, 691.0), (3538.0, 1696.5), (37.5, 1767.5)]
[(1202.0, 692.0), (2314.0, 691.0), (3538.5, 1697.0), (37.5, 1766.5)]
[(1203.0, 692.0), (2313.0, 691.0), (3538.5, 1697.0), (37.5, 1767.5)]
[(1203.0, 691.0), (2313.0, 691.0), (3538.5, 1697.0), (37.5, 1766.5)]
[(1203.0, 692.0), (2314.0, 691.0), (3538.5, 1697.0), (37.5, 1767.5)]
[(1202.0, 692.0), (2314.0, 691.0), (3537.5, 1697.5), (37.5, 1767.5)]
[(1203.0, 692.0), (2313.0, 691.0), (3538.5, 1696.5), (37.0, 1767.0)]
[(1203.0, 692.0), (2313.0, 691.0), (3537.5, 1696.5), (37.5, 1767.5)]
[(1203.0, 692.0), (2313.0, 691.0), (3537.5, 1696.5), (38.5, 1767.5)]
[(1204.0, 692.0), (2313.0, 691.0), (3537.5, 1696.5), (37.5, 1767.5)]
[(1204.0, 692.0), (2313.0, 691.0), (3539.0, 1697.0), (38.5, 1767.5)]
[(1203.0, 692.0), (2313.0, 691.0), (3539.0, 1697.0), (38.5, 1767.5)]
[(1203.0, 692.0), (2313.0, 691.0), (3539.0, 1697.0), (38.5, 1768.5)]
[(1203.0, 692.0), (2314.0, 692.0), (3538.5, 1697.5), (38.5, 1767.5)]
[(1203.0, 693.0), (2314.0, 692.0), (3538.0, 1697.0), (38.5, 1768.5)]
[(1204.0, 692.0), (2314.0, 692.0), (3538.5, 1697.5), (38.5, 1768.5)]
[(1203.0, 692.0), (2314.0, 692.0), (3538.5, 1697.5), (39.0, 1768.0)]
[(1203.0, 692.0), (2314.0, 692.0), (3537.5, 1697.5), (39.0, 1769.0)]
[(1203.0, 693.0), (2314.0, 693.0), (3537.5, 1697.5), (39.0, 1769.0)]
[(1203.0, 693.0), (2314.0, 693.0), (3537.5, 1697.5), (39.0, 1769.0)]
[(1203.0, 693.0), (2314.0, 693.0), (3537.5, 1697.5), (39.0, 1769.0)]
[(1203.0, 692.0), (2314.0, 693.0), (3538.5, 1698.5), (39.0, 1769.0)]
[(1203.0, 693.0), (2314.0, 691.0), (3538.5, 1697.5), (39.0, 1769.0)]
[(1203.0, 693.0), (2314.0, 692.0), (3538.5, 1697.5), (39.0, 1769.0)]
[(1203.0, 693.0), (2314.0, 692.0), (3538.5, 1698.0), (39.0, 1769.0)]
[(1203.0, 693.0), (2314.0, 692.0), (3539.5, 1698.0), (39.0, 1769.0)]
[(1204.0, 693.0), (2314.0, 692.0), (3539.5, 1698.0), (39.5, 1769.5)]
[(1204.0, 692.0), (2314.0, 692.0), (3539.5, 1698.0), (39.5, 1769.5)]
[(1204.0, 693.0), (2314.0, 693.0), (3539.5, 1698.0), (39.5, 1769.5)]
[(1204.0, 693.0), (2315.0, 693.0), (3539.5, 1698.0), (39.5, 1769.5)]
[(1204.0, 693.0), (2315.0, 693.0), (3539.5, 1699.0), (39.5, 1769.5)]
[(1204.0, 693.0), (2315.0, 693.0), (3539.5, 1699.0), (39.5, 1769.5)]
[(1204.0, 693.0), (2314.0, 693.0), (3539.5, 1699.0), (39.5, 1769.5)]
[(1203.0, 693.0), (2314.0, 692.0), (3539.5, 1699.0), (40.5, 1769.5)]
[(1204.0, 692.0), (2315.0, 692.0), (3538.5, 1699.5), (39.5, 1770.5)]
[(1204.0, 693.0), (2315.0, 692.0), (3538.5, 1698.5), (39.5, 1769.5)]
[(1204.0, 693.0), (2314.0, 692.0), (3539.5, 1697.5), (40.5, 1770.5)]
[(1203.0, 693.0), (2314.0, 692.0), (3539.5, 1698.0), (39.5, 1769.5)]
[(1204.0, 693.0), (2315.0, 692.0), (3539.5, 1699.0), (40.0, 1770.0)]
[(1204.0, 692.0), (2315.0, 692.0), (3539.5, 1699.0), (40.0, 1770.0)]
[(1204.0, 692.0), (2315.0, 692.0), (3539.5, 1699.0), (39.5, 1769.5)]
[(1204.0, 692.0), (2314.0, 692.0), (3539.0, 1699.5), (39.5, 1770.5)]
[(1204.0, 692.0), (2314.0, 692.0), (3539.0, 1699.5), (39.0, 1770.0)]
[(1204.0, 692.0), (2314.0, 692.0), (3539.5, 1699.0), (39.0, 1770.0)]
[(1204.0, 692.0), (2315.0, 692.0), (3539.5, 1699.0), (39.5, 1770.5)]
[(1204.0, 692.0), (2315.0, 692.0), (3539.5, 1699.0), (38.5, 1770.5)]
[(1204.0, 692.0), (2315.0, 692.0), (3539.5, 1699.0), (38.5, 1769.5)]
[(1204.0, 692.0), (2315.0, 692.0), (3540.0, 1699.5), (39.5, 1769.5)]
[(1203.0, 692.0), (2315.0, 692.0), (3539.5, 1699.0), (39.5, 1770.5)]
[(1203.0, 693.0), (2315.0, 692.0), (3540.0, 1699.5), (39.5, 1770.5)]
[(1203.0, 693.0), (2315.0, 692.0), (3539.5, 1699.0), (39.5, 1770.5)]
[(1204.0, 692.0), (2315.0, 692.0), (3539.0, 1699.5), (39.5, 1771.5)]
[(1204.0, 693.0), (2315.0, 692.0), (3539.0, 1699.5), (38.5, 1770.5)]
[(1204.0, 693.0), (2313.0, 692.0), (3539.0, 1699.5), (39.5, 1770.5)]
[(1204.0, 693.0), (2314.0, 692.0), (3540.0, 1699.5), (38.5, 1770.5)]
[(1204.0, 693.0), (2314.0, 692.0), (3539.5, 1699.0), (39.5, 1771.5)]
[(1204.0, 693.0), (2315.0, 691.0), (3540.0, 1699.5), (38.5, 1770.5)]
[(1204.0, 693.0), (2315.0, 691.0), (3540.0, 1699.5), (39.5, 1771.5)]
[(1204.0, 692.0), (2315.0, 691.0), (3540.0, 1699.5), (38.5, 1771.5)]
[(1204.0, 693.0), (2315.0, 691.0), (3540.0, 1699.5), (38.5, 1771.5)]
[(1203.0, 693.0), (2314.0, 691.0), (3540.0, 1698.5), (38.5, 1771.5)]
[(1203.0, 693.0), (2314.0, 692.0), (3540.0, 1699.5), (38.5, 1771.5)]
[(1203.0, 693.0), (2314.0, 692.0), (3540.0, 1699.5), (37.5, 1771.5)]
[(1203.0, 693.0), (2314.0, 692.0), (3540.0, 1699.5), (38.5, 1772.5)]
[(1204.0, 693.0), (2314.0, 692.0), (3540.0, 1699.5), (38.5, 1772.5)]
[(1204.0, 693.0), (2314.0, 692.0), (3540.0, 1699.5), (37.5, 1772.5)]
[(1204.0, 693.0), (2315.0, 692.0), (3540.0, 1699.5), (38.5, 1772.5)]
[(1204.0, 693.0), (2315.0, 692.0), (3540.0, 1699.5), (37.5, 1772.5)]
[(1203.0, 694.0), (2315.0, 692.0), (3540.0, 1699.5), (37.5, 1772.5)]
[(1203.0, 693.0), (2314.0, 692.0), (3540.0, 1699.5), (37.5, 1772.5)]
[(1203.0, 693.0), (2314.0, 692.0), (3539.0, 1699.5), (37.5, 1772.5)]
[(1203.0, 693.0), (2314.0, 692.0), (3539.5, 1699.0), (37.5, 1772.5)]
[(1203.0, 693.0), (2314.0, 692.0), (3539.0, 1699.5), (37.5, 1772.5)]
[(1203.0, 693.0), (2314.0, 692.0), (3539.5, 1699.0), (36.5, 1772.5)]
[(1204.0, 693.0), (2314.0, 692.0), (3539.0, 1699.5), (37.5, 1772.5)]
[(1203.0, 693.0), (2314.0, 692.0), (3539.5, 1699.0), (36.5, 1771.5)]
[(1203.0, 693.0), (2314.0, 692.0), (3539.0, 1699.5), (37.5, 1772.5)]
[(1203.0, 693.0), (2314.0, 692.0), (3539.0, 1698.5), (36.5, 1772.5)]
[(1203.0, 693.0), (2314.0, 692.0), (3538.5, 1699.0), (36.5, 1772.5)]
[(1203.0, 693.0), (2314.0, 692.0), (3538.5, 1699.0), (36.5, 1772.5)]
[(1203.0, 693.0), (2314.0, 692.0), (3538.5, 1698.0), (36.5, 1771.5)]
[(1204.0, 693.0), (2314.0, 692.0), (3538.5, 1698.0), (36.5, 1772.5)]
[(1203.0, 693.0), (2314.0, 692.0), (3538.5, 1698.0), (36.5, 1772.5)]
[(1202.0, 694.0), (2314.0, 692.0), (3538.5, 1698.0), (36.5, 1771.5)]
[(1203.0, 693.0), (2314.0, 692.0), (3538.5, 1698.0), (37.5, 1772.5)]
[(1203.0, 693.0), (2314.0, 692.0), (3538.5, 1698.0), (36.5, 1771.5)]
[(1203.0, 693.0), (2314.0, 692.0), (3538.5, 1698.0), (37.0, 1772.0)]
[(1203.0, 693.0), (2314.0, 692.0), (3538.5, 1698.0), (37.0, 1772.0)]
[(1203.0, 694.0), (2314.0, 692.0), (3538.5, 1698.0), (37.0, 1772.0)]
[(1203.0, 694.0), (2314.0, 692.0), (3538.5, 1698.0), (37.0, 1772.0)]
[(1203.0, 694.0), (2314.0, 692.0), (3539.5, 1698.0), (37.0, 1772.0)]
[(1203.0, 693.0), (2314.0, 692.0), (3539.0, 1698.5), (37.0, 1772.0)]
[(1203.0, 694.0), (2314.0, 692.0), (3539.5, 1698.0), (37.0, 1772.0)]
[(1203.0, 693.0), (2314.0, 692.0), (3538.5, 1697.5), (37.0, 1772.0)]
[(1203.0, 694.0), (2314.0, 693.0), (3538.5, 1698.0), (36.0, 1772.0)]
[(1203.0, 694.0), (2314.0, 693.0), (3538.5, 1698.0), (36.0, 1772.0)]
[(1203.0, 694.0), (2314.0, 693.0), (3539.0, 1698.5), (36.0, 1772.0)]
[(1203.0, 694.0), (2314.0, 693.0), (3539.0, 1698.5), (36.0, 1772.0)]
[(1203.0, 694.0), (2314.0, 692.0), (3539.0, 1697.5), (36.0, 1772.0)]
[(1203.0, 693.0), (2314.0, 692.0), (3539.0, 1698.5), (35.0, 1772.0)]
[(1203.0, 694.0), (2314.0, 692.0), (3538.5, 1699.0), (36.0, 1772.0)]
[(1203.0, 694.0), (2314.0, 693.0), (3538.5, 1698.0), (35.0, 1772.0)]
[(1203.0, 694.0), (2314.0, 693.0), (3538.5, 1698.0), (36.0, 1772.0)]
[(1203.0, 694.0), (2314.0, 693.0), (3538.5, 1698.0), (36.0, 1772.0)]
[(1203.0, 694.0), (2314.0, 692.0), (3538.5, 1698.0), (36.0, 1772.0)]
[(1203.0, 694.0), (2314.0, 692.0), (3538.5, 1698.0), (36.0, 1772.0)]
[(1203.0, 693.0), (2314.0, 692.0), (3538.5, 1698.0), (35.0, 1772.0)]
[(1203.0, 694.0), (2314.0, 693.0), (3538.5, 1698.0), (36.0, 1772.0)]
[(1203.0, 695.0), (2314.0, 693.0), (3538.5, 1698.0), (36.0, 1772.0)]
[(1203.0, 695.0), (2314.0, 692.0), (3538.5, 1698.0), (36.0, 1772.0)]
[(1203.0, 694.0), (2314.0, 692.0), (3538.5, 1697.0), (36.0, 1772.0)]
[(1202.0, 694.0), (2314.0, 693.0), (3538.5, 1697.0), (36.0, 1772.0)]
[(1203.0, 695.0), (2314.0, 693.0), (3538.5, 1697.0), (36.0, 1772.0)]
[(1203.0, 694.0), (2314.0, 693.0), (3538.0, 1696.5), (35.0, 1772.0)]
[(1203.0, 694.0), (2314.0, 693.0), (3538.0, 1697.5), (36.0, 1772.0)]
[(1203.0, 694.0), (2314.0, 692.0), (3538.0, 1697.5), (36.0, 1771.0)]
[(1203.0, 694.0), (2314.0, 692.0), (3538.5, 1696.0), (36.0, 1772.0)]
[(1203.0, 694.0), (2314.0, 692.0), (3538.5, 1696.0), (35.0, 1771.0)]
[(1204.0, 693.0), (2314.0, 692.0), (3538.5, 1696.0), (35.5, 1771.5)]
[(1203.0, 694.0), (2314.0, 692.0), (3538.5, 1696.0), (36.5, 1771.5)]
[(1203.0, 694.0), (2314.0, 692.0), (3538.5, 1696.0), (36.5, 1770.5)]
[(1203.0, 693.0), (2314.0, 692.0), (3538.5, 1696.0), (36.0, 1771.0)]
[(1204.0, 694.0), (2314.0, 692.0), (3538.5, 1695.0), (36.5, 1770.5)]
[(1203.0, 694.0), (2314.0, 692.0), (3538.5, 1695.0), (36.5, 1770.5)]
[(1203.0, 693.0), (2314.0, 692.0), (3537.5, 1695.5), (36.5, 1770.5)]
[(1203.0, 694.0), (2314.0, 692.0), (3537.5, 1695.0), (36.5, 1770.5)]
[(1203.0, 694.0), (2314.0, 692.0), (3537.5, 1695.5), (36.5, 1769.5)]
[(1203.0, 694.0), (2314.0, 692.0), (3537.5, 1694.5), (36.0, 1770.0)]
[(1203.0, 694.0), (2314.0, 692.0), (3537.5, 1694.0), (36.5, 1770.5)]
[(1203.0, 694.0), (2314.0, 692.0), (3537.5, 1694.0), (36.5, 1770.5)]
[(1203.0, 694.0), (2314.0, 692.0), (3537.5, 1695.0), (36.0, 1770.0)]
[(1203.0, 694.0), (2314.0, 692.0), (3538.5, 1695.0), (35.5, 1770.5)]
[(1203.0, 694.0), (2314.0, 692.0), (3538.5, 1695.0), (36.5, 1770.5)]
[(1203.0, 693.0), (2314.0, 692.0), (3538.5, 1695.0), (36.5, 1770.5)]
[(1203.0, 694.0), (2314.0, 692.0), (3538.5, 1695.0), (36.0, 1770.0)]
