[(1203.5, 692.0), (2313.5, 687.0), (3536.5, 1693.5), (32.0, 1771.5)]
[(1203.0, 691.5), (2313.5, 687.0), (3536.5, 1693.5), (32.5, 1772.0)]
[(1203.0, 692.5), (2313.5, 687.0), (3536.5, 1693.5), (32.5, 1772.0)]
[(1202.0, 692.5), (2313.5, 687.0), (3536.5, 1693.5), (32.5, 1772.5)]
[(1202.0, 691.5), (2313.5, 687.0), (3537.0, 1693.0), (32.5, 1772.5)]
[(1203.0, 692.5), (2314.0, 687.5), (3536.5, 1693.5), (32.0, 1772.0)]
[(1203.0, 692.5), (2314.0, 688.5), (3537.0, 1693.0), (32.0, 1772.0)]
[(1203.0, 692.5), (2314.0, 688.5), (3536.5, 1693.5), (32.0, 1772.0)]
[(1203.0, 692.5), (2314.0, 688.5), (3536.5, 1693.5), (32.0, 1772.0)]
[(1203.0, 693.5), (2314.0, 688.5), (3536.5, 1693.5), (31.0, 1772.0)]
[(1204.0, 693.5), (2314.5, 688.0), (3536.5, 1693.5), (31.5, 1771.5)]
[(1203.5, 692.0), (2312.5, 687.0), (3536.5, 1693.5), (32.0, 1772.0)]
[(1203.0, 691.5), (2312.5, 688.0), (3537.0, 1694.0), (32.0, 1772.0)]
[(1203.5, 692.0), (2313.0, 687.5), (3536.5, 1693.5), (32.0, 1772.0)]
[(1202.5, 692.0), (2313.5, 689.0), (3536.5, 1693.5), (31.5, 1771.5)]
[(1203.0, 691.5), (2313.5, 689.0), (3537.0, 1694.0), (31.5, 1771.5)]
[(1202.5, 692.0), (2313.5, 689.0), (3536.5, 1693.5), (30.5, 1770.5)]
[(1203.0, 692.5), (2312.5, 689.0), (3536.5, 1693.5), (31.5, 1771.5)]
[(1203.0, 692.5), (2313.5, 689.0), (3536.5, 1693.5), (31.0, 1771.0)]
[(1203.0, 692.5), (2313.0, 688.5), (3536.5, 1693.5), (31.5, 1771.0)]
[(1203.0, 692.5), (2313.5, 688.0), (3536.5, 1693.5), (32.5, 1771.0)]
[(1203.0, 692.5), (2313.0, 688.0), (3536.5, 1693.5), (33.0, 1771.0)]
[(1203.0, 692.5), (2313.0, 688.0), (3536.5, 1693.5), (31.5, 1771.0)]
[(1204.0, 692.5), (2312.5, 689.0), (3536.5, 1693.5), (32.5, 1771.0)]
[(1203.0, 692.5), (2312.0, 688.5), (3536.5, 1692.5), (31.0, 1771.0)]
[(1203.0, 692.5), (2312.5, 687.5), (3536.0, 1693.0), (31.5, 1771.5)]
[(1203.0, 692.5), (2313.0, 689.5), (3536.0, 1693.0), (30.5, 1770.5)]
[(1204.0, 692.5), (2313.0, 689.5), (3536.0, 1693.0), (32.5, 1771.5)]
[(1203.0, 692.5), (2313.0, 689.0), (3536.0, 1693.0), (32.5, 1771.5)]
[(1203.0, 692.5), (2312.0, 689.0), (3536.0, 1694.0), (33.0, 1771.5)]
[(1203.0, 692.5), (2313.0, 689.0), (3535.5, 1693.5), (31.5, 1771.0)]
[(1203.0, 692.5), (2313.0, 689.0), (3536.5, 1693.5), (33.0, 1771.5)]
[(1204.0, 693.5), (2312.5, 688.5), (3536.5, 1693.5), (33.0, 1771.5)]
[(1203.0, 693.5), (2312.5, 688.5), (3536.5, 1694.5), (33.0, 1771.5)]
[(1203.0, 692.5), (2313.0, 689.0), (3536.5, 1693.5), (33.5, 1771.5)]
[(1204.0, 692.5), (2312.5, 688.5), (3537.0, 1694.0), (33.5, 1771.5)]
[(1204.0, 692.5), (2312.5, 688.5), (3536.5, 1693.5), (32.0, 1772.0)]
[(1203.0, 693.5), (2312.5, 688.5), (3536.5, 1694.5), (33.0, 1772.0)]
[(1203.0, 692.5), (2312.5, 688.5), (3537.0, 1694.0), (33.0, 1772.0)]
[(1203.0, 692.5), (2313.0, 689.0), (3537.0, 1694.0), (33.5, 1772.0)]
[(1204.0, 693.5), (2312.5, 688.5), (3536.5, 1694.5), (33.5, 1772.0)]
[(1204.0, 693.5), (2313.5, 689.5), (3537.0, 1694.0), (34.0, 1772.5)]
[(1204.0, 692.5), (2313.5, 689.5), (3536.5, 1694.5), (33.0, 1771.5)]
[(1203.0, 693.5), (2313.0, 690.0), (3537.5, 1694.5), (33.0, 1771.5)]
[(1203.0, 693.5), (2312.5, 689.5), (3537.0, 1694.0), (33.0, 1771.5)]
[(1204.0, 693.5), (2313.5, 689.5), (3537.0, 1694.0), (34.5, 1771.5)]
[(1204.0, 692.5), (2313.5, 689.5), (3537.0, 1694.0), (33.5, 1771.5)]
[(1204.0, 693.5), (2313.5, 690.5), (3536.5, 1694.5), (34.0, 1772.5)]
[(1204.0, 692.5), (2313.5, 689.5), (3536.5, 1694.5), (35.0, 1772.5)]
[(1203.0, 693.5), (2313.0, 689.0), (3537.0, 1695.0), (35.0, 1772.5)]
[(1203.0, 692.5), (2313.5, 688.5), (3536.5, 1694.5), (34.5, 1772.0)]
[(1204.0, 693.5), (2313.0, 689.0), (3537.0, 1694.0), (33.5, 1772.0)]
[(1204.0, 693.5), (2312.5, 688.5), (3536.5, 1695.0), (34.5, 1772.0)]
[(1204.0, 692.5), (2313.0, 690.5), (3537.5, 1696.0), (34.5, 1771.5)]
[(1203.0, 692.5), (2313.0, 689.5), (3537.5, 1696.0), (35.5, 1772.5)]
[(1203.0, 693.5), (2313.0, 690.0), (3537.5, 1696.0), (34.0, 1771.0)]
[(1203.0, 693.5), (2312.0, 689.0), (3537.0, 1696.0), (34.0, 1772.0)]
[(1204.0, 692.5), (2313.0, 689.0), (3537.0, 1695.0), (34.0, 1772.0)]
[(1204.0, 692.5), (2313.0, 690.0), (3537.0, 1695.0), (34.5, 1771.5)]
[(1204.0, 693.5), (2313.5, 689.5), (3537.0, 1696.0), (34.5, 1771.5)]
[(1204.0, 692.5), (2313.0, 690.0), (3536.5, 1695.5), (33.5, 1771.5)]
[(1203.0, 692.5), (2313.5, 689.5), (3536.0, 1696.0), (34.0, 1772.0)]
[(1203.0, 692.5), (2312.5, 689.5), (3536.5, 1695.5), (34.0, 1772.0)]
[(1203.0, 692.5), (2313.5, 689.5), (3536.0, 1696.0), (34.5, 1771.5)]
[(1203.0, 692.5), (2313.5, 690.5), (3536.0, 1696.0), (34.0, 1771.0)]
[(1204.0, 693.5), (2312.5, 690.5), (3535.0, 1695.0), (34.5, 1771.5)]
[(1204.0, 693.5), (2312.5, 689.5), (3535.0, 1696.0), (34.5, 1772.5)]
[(1204.0, 693.5), (2312.5, 690.5), (3535.0, 1696.0), (34.5, 1771.5)]
[(1203.0, 693.5), (2313.0, 690.0), (3535.0, 1696.0), (34.0, 1771.0)]
[(1203.0, 692.5), (2312.5, 690.5), (3535.5, 1695.5), (34.0, 1772.0)]
[(1203.0, 692.5), (2312.5, 690.5), (3535.0, 1696.0), (33.5, 1771.5)]
[(1204.0, 692.5), (2312.5, 690.5), (3535.0, 1696.0), (34.5, 1772.5)]
[(1204.0, 692.5), (2312.5, 690.5), (3535.0, 1696.0), (33.5, 1771.5)]
[(1203.0, 693.5), (2312.5, 690.5), (3535.0, 1696.0), (34.0, 1771.0)]
[(1204.0, 692.5), (2313.5, 690.5), (3534.0, 1696.0), (34.0, 1772.0)]
[(1204.0, 693.5), (2313.5, 690.5), (3534.0, 1696.0), (34.0, 1772.0)]
[(1203.0, 693.5), (2313.5, 690.5), (3534.0, 1696.0), (34.0, 1772.0)]
[(1204.0, 693.5), (2313.5, 689.5), (3534.0, 1696.0), (33.5, 1771.5)]
[(1203.0, 693.5), (2312.5, 690.5), (3533.0, 1696.0), (34.0, 1771.0)]
[(1203.0, 692.5), (2312.5, 690.5), (3534.0, 1696.0), (33.0, 1771.0)]
[(1204.0, 693.5), (2312.5, 690.5), (3534.0, 1696.0), (33.0, 1771.0)]
[(1203.0, 693.5), (2312.5, 690.5), (3533.0, 1696.0), (33.0, 1771.0)]
[(1204.0, 692.5), (2312.0, 690.0), (3533.5, 1695.5), (33.5, 1771.5)]
[(1203.0, 693.5), (2312.0, 690.0), (3532.5, 1696.5), (34.5, 1771.5)]
[(1203.0, 693.5), (2312.0, 690.0), (3533.0, 1696.0), (34.5, 1771.5)]
[(1204.0, 693.5), (2312.0, 690.0), (3533.0, 1696.0), (34.5, 1772.5)]
[(1203.0, 692.5), (2312.0, 690.0), (3533.5, 1695.5), (34.5, 1771.5)]
[(1203.0, 693.5), (2312.0, 690.0), (3532.5, 1696.5), (34.5, 1771.5)]
[(1204.0, 693.5), (2312.0, 690.0), (3533.0, 1696.0), (34.5, 1772.5)]
[(1204.0, 692.5), (2312.0, 690.0), (3533.0, 1696.0), (33.5, 1771.5)]
[(1204.0, 693.5), (2311.0, 690.0), (3532.5, 1696.5), (34.5, 1771.5)]
[(1203.0, 692.5), (2311.0, 690.0), (3533.0, 1696.0), (34.5, 1771.5)]
[(1203.0, 693.5), (2311.0, 690.0), (3532.0, 1696.0), (33.5, 1771.5)]
[(1204.0, 692.5), (2311.0, 690.0), (3532.0, 1696.0), (34.5, 1771.5)]
[(1203.0, 692.5), (2311.0, 690.0), (3532.0, 1696.0), (34.5, 1771.5)]
[(1203.0, 693.5), (2311.0, 690.0), (3532.0, 1696.0), (33.5, 1771.5)]
[(1203.0, 693.5), (2311.0, 690.0), (3532.0, 1696.0), (33.5, 1771.5)]
[(1203.0, 692.5), (2311.0, 690.0), (3532.0, 1696.0), (33.5, 1771.5)]
[(1203.0, 692.5), (2310.5, 689.5), (3532.0, 1696.0), (33.0, 1771.0)]
[(1203.0, 692.5), (2311.5, 689.5), (3532.0, 1696.0), (32.5, 1771.5)]
[(1203.0, 692.5), (2311.5, 690.5), (3532.0, 1696.0), (33.5, 1771.5)]
[(1203.0, 692.5), (2311.5, 690.5), (3532.0, 1696.0), (33.5, 1771.5)]
[(1203.0, 693.5), (2311.5, 690.5), (3532.0, 1697.0), (33.5, 1771.5)]
[(1203.0, 693.5), (2311.5, 690.5), (3531.5, 1696.5), (33.5, 1771.5)]
[(1203.0, 692.5), (2312.0, 690.0), (3533.0, 1697.0), (33.5, 1772.5)]
[(1203.0, 692.5), (2311.5, 690.5), (3532.5, 1697.5), (33.5, 1771.5)]
[(1203.0, 693.5), (2311.5, 690.5), (3533.0, 1697.0), (34.5, 1772.5)]
[(1203.0, 692.5), (2311.5, 690.5), (3532.5, 1697.5), (33.5, 1772.0)]
[(1203.0, 692.5), (2312.5, 690.5), (3533.0, 1697.0), (33.5, 1772.0)]
[(1204.0, 693.5), (2312.5, 690.5), (3532.5, 1697.5), (33.5, 1772.0)]
[(1204.0, 692.5), (2312.5, 690.5), (3533.0, 1697.0), (33.5, 1772.0)]
[(1203.0, 693.5), (2312.5, 690.5), (3533.0, 1697.0), (33.5, 1773.0)]
[(1203.0, 692.5), (2312.0, 691.0), (3533.0, 1697.0), (33.5, 1773.0)]
[(1204.0, 693.5), (2312.0, 691.0), (3533.0, 1697.0), (33.5, 1772.0)]
[(1204.0, 693.5), (2312.5, 690.5), (3533.0, 1697.0), (33.5, 1772.0)]
[(1204.0, 692.5), (2312.5, 690.5), (3533.0, 1697.0), (33.5, 1772.0)]
[(1203.0, 693.5), (2312.5, 690.5), (3533.0, 1697.0), (34.5, 1772.0)]
[(1203.0, 693.5), (2312.5, 690.5), (3534.0, 1697.0), (34.5, 1773.0)]
[(1204.0, 693.5), (2312.0, 691.0), (3534.0, 1698.0), (34.5, 1772.0)]
[(1204.0, 693.5), (2313.0, 690.0), (3534.0, 1698.0), (34.5, 1772.0)]
[(1204.0, 693.5), (2313.0, 690.0), (3534.0, 1698.0), (34.5, 1772.0)]
[(1204.0, 693.5), (2312.0, 690.0), (3534.0, 1698.0), (34.5, 1772.0)]
[(1204.0, 693.5), (2312.0, 691.0), (3534.0, 1698.0), (34.5, 1772.0)]
[(1204.0, 693.5), (2312.0, 691.0), (3534.0, 1698.0), (34.5, 1772.0)]
[(1204.0, 693.5), (2312.0, 691.0), (3534.0, 1698.0), (34.5, 1772.0)]
[(1204.0, 692.5), (2312.0, 691.0), (3534.0, 1698.0), (34.5, 1772.0)]
[(1204.0, 693.5), (2312.0, 691.0), (3534.0, 1698.0), (34.5, 1773.0)]
[(1204.0, 693.5), (2313.0, 690.0), (3534.0, 1698.0), (34.5, 1772.0)]
[(1204.0, 693.5), (2313.0, 690.0), (3534.0, 1699.0), (35.5, 1772.0)]
[(1204.0, 693.5), (2313.0, 690.0), (3534.0, 1698.0), (34.5, 1772.0)]
[(1204.0, 693.5), (2313.0, 690.0), (3534.0, 1698.0), (35.5, 1773.0)]
[(1204.0, 693.5), (2313.0, 691.0), (3534.0, 1698.0), (35.5, 1773.0)]
[(1204.0, 693.5), (2313.0, 691.0), (3534.0, 1698.0), (35.5, 1773.0)]
[(1204.0, 693.5), (2313.0, 691.0), (3534.0, 1698.0), (34.5, 1773.0)]
[(1205.0, 693.5), (2313.0, 691.0), (3534.0, 1699.0), (35.5, 1773.0)]
[(1204.0, 693.5), (2313.5, 690.5), (3535.0, 1699.0), (35.5, 1773.0)]
[(1204.0, 693.5), (2313.0, 692.0), (3535.0, 1699.0), (35.5, 1773.0)]
[(1204.0, 693.5), (2312.5, 690.5), (3535.5, 1698.5), (35.5, 1773.0)]
[(1205.0, 693.5), (2312.5, 690.5), (3535.0, 1699.0), (35.5, 1773.0)]
[(1204.0, 693.5), (2313.5, 691.5), (3535.0, 1699.0), (36.5, 1774.0)]
[(1204.0, 693.5), (2313.5, 691.5), (3535.5, 1698.5), (36.5, 1774.0)]
[(1204.0, 693.5), (2313.5, 691.5), (3535.0, 1699.0), (36.5, 1774.0)]
[(1205.0, 694.5), (2313.5, 691.5), (3535.0, 1699.0), (35.5, 1774.0)]
[(1205.0, 694.5), (2314.0, 691.0), (3535.0, 1699.0), (36.5, 1774.0)]
[(1204.0, 694.5), (2313.0, 692.0), (3535.0, 1699.0), (36.5, 1774.0)]
[(1204.0, 694.5), (2313.0, 691.0), (3535.0, 1699.0), (37.0, 1774.5)]
[(1204.0, 694.5), (2313.0, 692.0), (3535.5, 1699.5), (37.5, 1775.0)]
[(1205.0, 694.5), (2313.0, 691.0), (3535.0, 1699.0), (36.5, 1775.0)]
[(1205.0, 694.5), (2313.0, 692.0), (3535.0, 1699.0), (36.5, 1775.0)]
[(1205.0, 694.5), (2313.0, 690.0), (3535.5, 1699.5), (36.5, 1775.0)]
[(1205.0, 694.5), (2313.0, 691.0), (3535.0, 1699.0), (37.5, 1775.0)]
[(1205.0, 694.5), (2313.0, 690.0), (3535.5, 1699.5), (36.5, 1775.0)]
[(1205.0, 694.5), (2313.0, 691.0), (3535.5, 1699.5), (37.5, 1775.0)]
[(1204.0, 694.5), (2313.0, 692.0), (3535.5, 1699.5), (36.5, 1775.0)]
[(1204.0, 694.5), (2313.0, 690.0), (3535.0, 1700.0), (36.5, 1775.0)]
[(1205.0, 694.5), (2313.0, 691.0), (3536.0, 1700.0), (37.5, 1775.0)]
[(1205.0, 694.5), (2313.0, 692.0), (3535.0, 1700.0), (37.5, 1775.0)]
[(1205.0, 694.5), (2313.0, 691.0), (3535.5, 1699.5), (37.5, 1775.0)]
[(1205.0, 694.5), (2313.0, 691.0), (3536.0, 1700.0), (37.5, 1774.5)]
[(1205.0, 693.5), (2313.0, 691.0), (3536.0, 1699.0), (38.5, 1775.5)]
[(1205.0, 694.5), (2313.0, 691.0), (3536.0, 1700.0), (38.5, 1775.5)]
[(1205.0, 694.5), (2314.0, 691.0), (3535.5, 1700.5), (37.5, 1775.5)]
[(1205.0, 694.5), (2313.0, 692.0), (3536.5, 1699.5), (38.5, 1775.5)]
[(1205.0, 694.5), (2314.0, 690.0), (3536.0, 1700.0), (37.5, 1776.0)]
[(1204.0, 694.5), (2313.0, 691.0), (3536.0, 1700.0), (37.5, 1776.0)]
[(1204.0, 694.5), (2313.0, 691.0), (3536.0, 1700.0), (36.5, 1776.0)]
[(1205.0, 694.5), (2314.0, 691.0), (3536.0, 1700.0), (36.5, 1775.5)]
[(1204.0, 694.5), (2313.0, 690.0), (3536.0, 1701.0), (37.5, 1776.5)]
[(1204.0, 693.5), (2314.0, 691.0), (3536.0, 1700.0), (37.5, 1776.5)]
[(1204.0, 694.5), (2312.0, 691.0), (3536.0, 1700.0), (37.5, 1775.5)]
[(1204.0, 694.5), (2313.0, 690.0), (3536.0, 1700.0), (37.5, 1775.5)]
[(1205.0, 693.5), (2313.5, 690.5), (3536.0, 1700.0), (36.5, 1776.0)]
[(1204.0, 694.5), (2313.5, 690.5), (3536.0, 1700.0), (36.5, 1775.0)]
[(1205.0, 694.5), (2313.5, 690.5), (3536.0, 1701.0), (36.5, 1776.0)]
[(1205.0, 694.5), (2313.5, 690.5), (3536.0, 1701.0), (36.5, 1776.0)]
[(1205.0, 694.5), (2313.5, 690.5), (3536.0, 1701.0), (36.5, 1776.0)]
[(1205.0, 694.5), (2313.5, 691.5), (3536.0, 1701.0), (36.5, 1776.0)]
[(1205.0, 694.5), (2313.5, 690.5), (3536.0, 1701.0), (36.5, 1776.0)]
[(1205.0, 694.5), (2313.5, 690.5), (3536.0, 1701.0), (36.5, 1776.0)]
[(1205.0, 694.5), (2313.5, 690.5), (3536.0, 1701.0), (37.0, 1776.5)]
[(1205.0, 695.5), (2313.5, 691.5), (3535.5, 1701.5), (37.0, 1777.5)]
[(1205.0, 695.5), (2313.5, 690.5), (3536.0, 1701.0), (36.5, 1777.0)]
[(1205.0, 694.5), (2313.5, 690.5), (3536.0, 1701.0), (36.5, 1777.0)]
[(1205.0, 694.5), (2313.5, 690.5), (3536.0, 1700.0), (36.5, 1777.0)]
[(1205.0, 694.5), (2313.5, 690.5), (3536.0, 1701.0), (36.5, 1777.0)]
[(1205.0, 694.5), (2313.5, 690.5), (3536.0, 1701.0), (36.5, 1777.0)]
[(1205.0, 694.5), (2313.5, 690.5), (3536.0, 1701.0), (36.5, 1777.0)]
[(1205.0, 694.5), (2313.5, 690.5), (3536.0, 1701.0), (36.5, 1776.5)]
[(1205.0, 694.5), (2313.5, 690.5), (3536.0, 1701.0), (36.5, 1778.0)]
[(1205.0, 695.5), (2313.5, 690.5), (3536.0, 1701.0), (35.5, 1778.0)]
[(1205.0, 695.5), (2313.5, 690.5), (3535.5, 1701.5), (35.5, 1778.0)]
[(1205.0, 694.5), (2313.5, 690.5), (3536.0, 1701.0), (35.5, 1778.0)]
[(1205.0, 694.5), (2313.5, 690.5), (3535.5, 1700.5), (35.5, 1778.0)]
[(1204.0, 694.5), (2313.0, 691.0), (3535.5, 1700.5), (35.5, 1778.0)]
[(1205.0, 694.5), (2313.5, 690.5), (3536.5, 1701.5), (35.5, 1778.0)]
[(1205.0, 695.5), (2313.5, 690.5), (3535.5, 1700.5), (34.5, 1778.0)]
[(1205.0, 695.5), (2312.5, 691.5), (3535.0, 1701.0), (35.5, 1778.0)]
[(1205.0, 694.5), (2313.5, 690.5), (3535.0, 1700.0), (34.5, 1778.0)]
[(1205.0, 694.5), (2312.5, 691.5), (3535.0, 1700.0), (34.5, 1778.0)]
[(1204.0, 694.5), (2313.5, 690.5), (3535.0, 1700.0), (34.5, 1778.0)]
[(1204.0, 694.5), (2313.0, 690.0), (3535.0, 1700.0), (34.5, 1777.0)]
[(1205.0, 694.5), (2313.5, 690.5), (3535.0, 1700.0), (34.5, 1777.0)]
[(1205.0, 694.5), (2313.0, 691.0), (3535.0, 1700.0), (34.5, 1777.0)]
[(1205.0, 694.5), (2313.0, 690.0), (3535.0, 1700.0), (34.5, 1778.0)]
[(1204.0, 694.5), (2312.0, 690.0), (3535.0, 1700.0), (34.5, 1778.0)]
[(1204.0, 694.5), (2312.0, 690.0), (3535.0, 1700.0), (34.5, 1778.0)]
[(1204.0, 694.5), (2313.0, 691.0), (3535.5, 1699.5), (33.5, 1777.0)]
[(1204.0, 694.5), (2313.0, 692.0), (3534.5, 1699.5), (33.5, 1777.0)]
[(1204.0, 694.5), (2313.5, 690.5), (3535.0, 1699.0), (34.5, 1777.0)]
[(1204.0, 694.5), (2313.5, 690.5), (3535.0, 1699.0), (34.5, 1777.0)]
[(1204.0, 694.5), (2313.0, 691.0), (3535.5, 1699.5), (34.5, 1777.0)]
[(1204.0, 694.5), (2313.0, 690.0), (3535.0, 1699.0), (33.5, 1777.0)]
[(1204.0, 694.5), (2313.5, 690.5), (3535.0, 1699.0), (34.5, 1778.0)]
[(1204.0, 695.5), (2313.5, 690.5), (3535.0, 1699.0), (34.5, 1778.0)]
[(1204.0, 694.5), (2313.5, 691.5), (3535.0, 1699.0), (34.5, 1778.0)]
[(1204.0, 694.5), (2313.5, 691.5), (3535.0, 1699.0), (34.5, 1777.0)]
[(1204.0, 695.5), (2314.0, 692.0), (3535.0, 1699.0), (34.0, 1777.5)]
[(1205.0, 695.5), (2313.0, 690.0), (3535.0, 1699.0), (35.5, 1777.5)]
[(1204.0, 694.5), (2313.0, 691.0), (3535.0, 1699.0), (34.5, 1778.0)]
[(1205.0, 695.5), (2313.0, 691.0), (3535.0, 1699.0), (34.5, 1778.0)]
[(1204.0, 694.5), (2313.0, 691.0), (3535.0, 1699.0), (34.5, 1778.0)]
[(1204.0, 695.5), (2313.5, 691.5), (3535.0, 1699.0), (33.5, 1778.0)]
[(1204.0, 694.5), (2313.0, 692.0), (3535.0, 1699.0), (33.5, 1778.0)]
[(1204.0, 695.5), (2312.0, 691.0), (3535.0, 1700.0), (33.5, 1777.5)]
[(1204.0, 695.5), (2313.0, 691.0), (3535.0, 1700.0), (34.5, 1778.0)]
[(1204.0, 694.5), (2313.0, 691.0), (3535.5, 1699.5), (33.5, 1777.5)]
[(1204.0, 695.5), (2313.0, 691.0), (3534.5, 1699.5), (33.5, 1777.5)]
[(1204.0, 695.5), (2312.0, 691.0), (3535.0, 1700.0), (33.5, 1778.0)]
[(1204.0, 695.5), (2312.0, 692.0), (3534.5, 1699.5), (33.5, 1777.5)]
[(1204.0, 694.5), (2313.0, 692.0), (3534.5, 1699.5), (33.5, 1777.5)]
[(1204.0, 695.5), (2313.5, 691.5), (3534.5, 1699.5), (33.5, 1778.5)]
[(1204.0, 695.5), (2313.5, 691.5), (3534.5, 1699.5), (33.5, 1778.5)]
[(1204.0, 695.5), (2313.5, 691.5), (3534.5, 1699.5), (33.5, 1777.5)]
[(1204.0, 695.5), (2313.0, 691.0), (3534.5, 1699.5), (33.5, 1778.0)]
[(1204.0, 696.5), (2313.0, 691.0), (3535.0, 1699.0), (33.5, 1778.0)]
[(1204.0, 696.5), (2313.0, 692.0), (3534.5, 1699.5), (33.5, 1777.5)]
[(1204.0, 695.5), (2313.0, 691.0), (3534.5, 1698.5), (33.5, 1778.0)]
[(1204.0, 695.5), (2313.0, 692.0), (3534.5, 1699.5), (32.5, 1777.0)]
[(1204.0, 695.5), (2313.0, 691.0), (3534.5, 1698.5), (33.5, 1777.0)]
[(1204.0, 695.5), (2313.0, 692.0), (3534.5, 1698.5), (33.5, 1777.0)]
[(1204.0, 696.5), (2314.0, 691.0), (3534.5, 1698.5), (32.5, 1777.0)]
[(1204.0, 696.5), (2312.0, 692.0), (3534.5, 1698.5), (33.5, 1777.0)]
[(1204.0, 695.5), (2313.0, 690.0), (3534.5, 1697.5), (33.0, 1777.5)]
[(1204.0, 695.5), (2313.0, 691.0), (3534.5, 1698.5), (33.5, 1777.0)]
[(1204.0, 695.5), (2313.0, 691.0), (3535.0, 1697.0), (34.5, 1777.0)]
[(1204.0, 695.5), (2313.0, 692.0), (3534.5, 1697.5), (33.5, 1777.0)]
[(1204.0, 695.5), (2313.0, 690.0), (3535.0, 1697.0), (34.5, 1776.0)]
[(1205.0, 695.5), (2313.0, 691.0), (3535.0, 1697.0), (34.5, 1776.0)]
[(1204.0, 695.5), (2313.0, 691.0), (3535.0, 1697.0), (34.5, 1775.5)]
[(1204.0, 695.5), (2313.0, 690.0), (3535.0, 1697.0), (34.5, 1776.0)]
[(1204.0, 695.5), (2313.0, 691.0), (3535.0, 1697.0), (33.5, 1776.0)]
[(1204.0, 695.5), (2312.0, 691.0), (3535.0, 1696.0), (34.5, 1776.0)]
[(1203.5, 695.0), (2312.0, 691.0), (3534.5, 1695.5), (34.5, 1775.0)]
[(1203.0, 694.5), (2313.0, 690.0), (3534.5, 1696.5), (33.5, 1775.0)]
[(1205.0, 694.5), (2313.0, 690.0), (3534.5, 1696.5), (33.5, 1775.0)]
[(1204.0, 695.5), (2313.0, 690.0), (3534.0, 1696.0), (34.5, 1776.0)]
[(1204.0, 695.5), (2313.0, 690.0), (3534.0, 1696.0), (34.5, 1775.0)]
[(1204.0, 695.5), (2312.0, 691.0), (3534.5, 1695.5), (34.5, 1774.5)]
[(1204.0, 695.5), (2312.0, 691.0), (3533.5, 1696.5), (35.5, 1776.0)]
[(1204.0, 695.5), (2313.0, 691.0), (3534.0, 1696.0), (33.5, 1775.0)]
[(1204.0, 695.5), (2313.0, 691.0), (3534.0, 1695.0), (34.5, 1775.0)]
