[[183.55, 528.83], [30.78, 34.45]]
[[183.39, 528.78], [30.6, 34.27]]
[[183.24, 528.74], [30.37, 34.0]]
[[183.32, 528.76], [30.24, 33.9]]
[[182.09, 524.97], [30.11, 33.9]]
[[181.93, 524.93], [29.94, 33.72]]
[[181.78, 524.89], [29.41, 32.88]]
[[181.7, 524.87], [29.31, 32.79]]
[[181.54, 524.83], [28.95, 32.32]]
[[181.31, 524.77], [28.72, 32.03]]
[[180.42, 521.12], [28.6, 32.03]]
[[180.11, 521.04], [28.44, 31.93]]
[[180.03, 521.02], [28.3, 31.93]]
[[179.8, 520.96], [28.23, 32.02]]
[[178.55, 517.29], [28.0, 31.83]]
[[179.49, 520.88], [27.93, 31.82]]
[[179.41, 520.86], [27.45, 31.14]]
[[179.34, 520.84], [27.26, 30.84]]
[[179.49, 520.88], [26.84, 30.24]]
[[178.47, 517.27], [26.69, 30.14]]
[[178.4, 517.25], [26.56, 30.14]]
[[178.32, 517.23], [26.47, 30.14]]
[[178.17, 517.19], [26.4, 30.13]]
[[178.17, 517.19], [26.21, 30.03]]
[[178.09, 517.17], [26.03, 29.73]]
[[178.17, 517.19], [25.89, 29.62]]
[[178.01, 517.15], [25.68, 29.31]]
[[178.01, 517.15], [25.46, 29.1]]
[[177.94, 517.13], [25.21, 28.79]]
[[177.86, 517.11], [24.95, 28.37]]
[[177.63, 517.05], [24.93, 28.47]]
[[177.55, 517.03], [24.83, 28.47]]
[[177.55, 517.03], [24.79, 28.47]]
[[176.41, 513.44], [24.58, 28.15]]
[[177.25, 516.95], [24.29, 27.72]]
[[176.33, 513.42], [24.02, 27.28]]
[[175.88, 513.3], [23.8, 26.95]]
[[175.88, 513.3], [23.64, 26.73]]
[[174.91, 509.81], [23.48, 26.51]]
[[174.53, 509.72], [23.4, 26.51]]
[[174.53, 509.72], [23.33, 26.5]]
[[174.61, 509.74], [23.36, 26.62]]
[[174.46, 509.7], [23.14, 26.28]]
[[174.31, 509.66], [22.97, 25.94]]
[[175.05, 513.09], [22.8, 25.71]]
[[174.16, 509.62], [22.66, 25.48]]
[[173.86, 509.54], [22.43, 25.14]]
[[173.56, 509.47], [22.23, 24.79]]
[[173.26, 509.39], [22.2, 24.79]]
[[172.25, 505.95], [22.12, 24.67]]
[[171.95, 505.87], [22.07, 24.67]]
[[171.35, 505.72], [22.15, 24.9]]
[[171.35, 505.72], [22.1, 24.9]]
[[171.06, 505.65], [21.93, 24.67]]
[[170.76, 505.57], [21.73, 24.31]]
[[170.46, 505.5], [21.58, 24.08]]
[[170.17, 505.42], [21.5, 23.96]]
[[169.8, 505.33], [21.22, 23.48]]
[[169.35, 505.21], [21.1, 23.23]]
[[168.02, 501.75], [20.97, 22.99]]
[[167.65, 501.65], [20.88, 22.87]]
[[167.21, 501.54], [20.9, 22.99]]
[[166.62, 501.39], [20.97, 23.11]]
[[166.18, 501.28], [20.81, 22.86]]
[[165.74, 501.17], [20.65, 22.62]]
[[165.45, 501.1], [20.48, 22.25]]
[[164.86, 500.95], [20.22, 21.74]]
[[164.5, 500.86], [19.98, 21.36]]
[[164.21, 500.78], [19.97, 21.36]]
[[163.55, 500.61], [19.84, 21.1]]
[[163.26, 500.54], [19.84, 21.1]]
[[162.82, 500.43], [19.85, 21.23]]
[[162.31, 500.3], [19.92, 21.36]]
[[161.65, 500.13], [19.94, 21.49]]
[[161.21, 500.02], [19.85, 21.36]]
[[318.11, 539.75], [19.82, 21.36]]
[[317.6, 539.62], [19.76, 21.23]]
[[317.0, 539.47], [19.6, 20.97]]
[[316.5, 539.34], [19.38, 20.59]]
[[315.9, 539.19], [19.29, 20.45]]
[[315.56, 539.11], [19.22, 20.32]]
[[314.89, 538.94], [19.18, 20.32]]
[[314.04, 538.72], [19.25, 20.45]]
[[313.36, 538.55], [19.1, 20.32]]
[[312.85, 538.42], [19.18, 20.45]]
[[312.18, 538.25], [19.0, 20.19]]
[[311.5, 538.08], [18.93, 20.06]]
[[310.83, 537.91], [18.84, 19.93]]
[[310.32, 537.78], [18.74, 19.79]]
[[311.87, 541.53], [18.53, 19.39]]
[[311.36, 541.4], [18.53, 19.53]]
[[310.68, 541.22], [18.6, 19.66]]
[[310.34, 541.14], [18.55, 19.66]]
[[310.0, 541.05], [18.57, 19.79]]
[[320.49, 557.74], [18.62, 19.93]]
[[325.04, 566.3], [18.57, 19.92]]
[[331.84, 583.65], [18.32, 19.53]]
[[331.28, 583.5], [18.06, 19.12]]
[[331.09, 583.45], [17.87, 18.85]]
[[330.62, 583.32], [17.77, 18.71]]
[[330.05, 583.16], [17.64, 18.58]]
[[332.34, 587.84], [17.44, 18.3]]
[[331.39, 587.58], [17.47, 18.44]]
[[331.01, 587.48], [17.49, 18.58]]
[[330.82, 587.43], [17.51, 18.71]]
[[330.25, 587.27], [17.53, 18.85]]
[[332.27, 591.95], [17.45, 18.85]]
[[332.08, 591.9], [17.39, 18.85]]
[[331.69, 591.79], [17.31, 18.85]]
[[331.31, 591.69], [17.21, 18.71]]
[[330.93, 591.58], [17.08, 18.57]]
[[330.55, 591.48], [16.91, 18.3]]
[[332.68, 596.27], [16.93, 18.43]]
[[332.49, 596.21], [16.97, 18.57]]
[[332.49, 596.21], [16.84, 18.43]]
[[332.1, 596.11], [16.91, 18.71]]
[[331.72, 596.0], [16.85, 18.71]]
[[331.52, 595.94], [16.95, 18.98]]
[[334.28, 600.99], [16.87, 18.84]]
[[333.69, 600.83], [16.95, 19.11]]
[[333.69, 600.83], [16.9, 19.11]]
[[336.3, 605.91], [16.78, 18.98]]
[[336.3, 605.91], [16.56, 18.7]]
[[336.49, 605.97], [16.5, 18.7]]
[[336.3, 605.91], [16.45, 18.7]]
[[336.1, 605.86], [16.39, 18.7]]
[[336.1, 605.86], [16.29, 18.56]]
[[338.76, 611.05], [16.38, 18.84]]
[[338.76, 611.05], [16.48, 19.11]]
[[338.96, 611.11], [16.4, 19.11]]
[[341.87, 616.47], [16.34, 19.11]]
[[341.87, 616.47], [16.29, 19.1]]
[[342.08, 616.53], [16.19, 18.97]]
[[342.28, 616.58], [16.06, 18.83]]
[[342.18, 616.55], [16.0, 18.83]]
[[342.18, 616.55], [16.08, 18.97]]
[[344.95, 621.97], [16.05, 18.97]]
[[345.16, 622.03], [16.0, 18.97]]
[[345.36, 622.09], [15.98, 18.97]]
[[348.83, 627.8], [15.93, 18.97]]
[[345.88, 622.24], [15.94, 18.97]]
[[349.35, 627.95], [15.99, 19.1]]
[[349.55, 628.01], [15.94, 19.1]]
[[349.55, 628.01], [15.86, 18.97]]
[[353.1, 633.86], [15.88, 19.1]]
[[353.1, 633.86], [15.97, 19.24]]
[[353.31, 633.92], [15.94, 19.24]]
[[353.52, 633.98], [15.84, 19.1]]
[[356.94, 639.9], [15.69, 18.83]]
[[356.94, 639.9], [15.64, 18.83]]
[[357.16, 639.96], [15.71, 18.96]]
[[357.37, 640.02], [15.76, 19.1]]
[[360.87, 646.07], [15.76, 19.1]]
[[360.87, 646.07], [15.71, 19.1]]
[[361.09, 646.14], [15.76, 19.23]]
[[364.46, 652.26], [15.76, 19.23]]
[[364.67, 652.33], [15.73, 19.23]]
[[364.67, 652.33], [15.7, 19.23]]
[[364.67, 652.33], [15.78, 19.37]]
[[364.89, 652.39], [15.82, 19.5]]
[[368.78, 658.79], [15.97, 19.77]]
[[372.32, 665.2], [15.95, 19.77]]
[[372.32, 665.2], [15.84, 19.63]]
[[372.54, 665.27], [15.64, 19.37]]
[[376.16, 671.83], [15.66, 19.5]]
[[376.16, 671.83], [15.49, 19.23]]
[[376.39, 671.9], [15.56, 19.36]]
[[376.62, 671.97], [15.64, 19.5]]
[[380.33, 678.69], [15.68, 19.63]]
[[380.56, 678.76], [15.89, 20.03]]
[[384.59, 685.72], [15.94, 20.16]]
[[385.06, 685.86], [15.99, 20.29]]
[[385.53, 686.01], [16.06, 20.42]]
[[389.44, 693.06], [16.06, 20.42]]
[[389.91, 693.21], [16.03, 20.42]]
[[390.15, 693.29], [16.11, 20.55]]
[[394.65, 700.67], [16.01, 20.42]]
[[394.89, 700.75], [16.08, 20.55]]
[[399.99, 708.48], [16.23, 20.81]]
[[399.99, 708.48], [16.3, 20.94]]
[[400.23, 708.56], [16.27, 20.94]]
[[404.48, 716.17], [16.39, 21.19]]
[[404.73, 716.25], [16.39, 21.19]]
[[405.22, 716.41], [16.46, 21.32]]
[[405.47, 716.49], [16.61, 21.58]]
[[410.34, 724.46], [16.58, 21.58]]
[[410.6, 724.54], [16.51, 21.45]]
[[415.34, 732.65], [16.51, 21.45]]
[[415.6, 732.73], [16.53, 21.45]]
[[420.47, 741.05], [16.61, 21.58]]
[[420.73, 741.13], [16.68, 21.7]]
[[421.25, 741.31], [16.68, 21.7]]
[[420.99, 741.22], [16.57, 21.58]]
[[426.8, 750.03], [16.77, 21.83]]
[[431.69, 758.72], [16.75, 21.83]]
[[431.42, 758.63], [16.84, 21.95]]
[[437.26, 767.83], [16.77, 21.83]]
[[437.4, 767.88], [16.94, 22.08]]
[[437.67, 767.97], [16.94, 22.08]]
[[443.13, 777.24], [17.04, 22.21]]
[[443.68, 777.43], [17.2, 22.45]]
[[443.68, 777.43], [17.44, 22.82]]
[[449.3, 786.97], [17.51, 22.95]]
[[455.08, 796.79], [17.64, 23.19]]
[[455.66, 796.99], [17.67, 23.19]]
[[461.61, 807.09], [17.61, 23.07]]
[[462.49, 807.4], [17.66, 23.19]]
[[462.49, 807.4], [17.66, 23.19]]
[[468.49, 817.76], [17.68, 23.19]]
[[469.08, 817.97], [17.75, 23.31]]
[[476.03, 828.91], [17.72, 23.31]]
[[482.57, 839.97], [17.75, 23.31]]
[[482.88, 840.08], [17.86, 23.55]]
[[490.25, 851.71], [17.95, 23.67]]
[[497.22, 863.47], [17.95, 23.67]]
[[497.86, 863.71], [18.05, 23.79]]
[[498.19, 863.83], [18.11, 23.91]]
[[506.05, 876.22], [18.2, 24.03]]
[[506.38, 876.35], [18.27, 24.15]]
[[513.84, 888.9], [18.36, 24.27]]
[[521.21, 901.73], [18.52, 24.51]]
[[522.23, 902.12], [18.59, 24.62]]
[[530.55, 915.66], [18.65, 24.74]]
[[539.17, 929.66], [18.88, 25.09]]
[[539.87, 929.94], [18.91, 25.09]]
[[539.87, 929.94], [18.93, 25.09]]
[[548.8, 944.44], [18.96, 25.09]]
[[548.8, 944.44], [19.02, 25.21]]
[[558.05, 959.46], [19.11, 25.32]]
[[567.62, 975.02], [19.2, 25.44]]
[[568.76, 975.48], [19.39, 25.78]]
[[578.71, 991.63], [19.46, 25.89]]
[[588.85, 1008.3], [19.73, 26.34]]
[[589.24, 1008.47], [19.93, 26.57]]
[[599.57, 1025.69], [20.14, 26.9]]
[[599.57, 1025.69], [20.29, 27.12]]
[[600.38, 1026.04], [20.42, 27.23]]
[[610.71, 1043.76], [20.38, 27.12]]
[[621.86, 1062.36], [20.46, 27.12]]
[[622.71, 1062.73], [20.59, 27.23]]
[[634.34, 1082.1], [20.74, 27.45]]
[[646.44, 1102.26], [20.8, 27.45]]
[[659.05, 1123.26], [21.02, 27.78]]
[[659.97, 1123.68], [21.21, 27.99]]
[[660.43, 1123.89], [21.41, 28.31]]
[[277.11, 963.01], [21.55, 28.52]]
[[278.11, 963.47], [21.55, 28.42]]
[[278.11, 963.47], [21.56, 28.31]]
[[282.39, 979.3], [21.64, 28.42]]
[[286.83, 995.73], [21.69, 28.42]]
[[291.8, 1012.95], [21.85, 28.63]]
[[296.6, 1030.67], [21.96, 28.74]]
[[297.32, 1031.02], [22.12, 28.95]]
[[302.33, 1049.45], [22.31, 29.26]]
[[302.7, 1049.64], [22.58, 29.67]]
[[303.07, 1049.82], [22.72, 29.88]]
[[307.91, 1068.82], [22.76, 29.88]]
[[308.29, 1069.01], [22.84, 29.98]]
[[308.67, 1069.2], [22.89, 29.98]]
[[314.51, 1089.39], [22.97, 30.08]]
[[314.9, 1089.59], [23.07, 30.18]]
