[(1895.5, 814), (2383.5, 930)]
[(1896.5, 811), (2379.0, 928)]
[(1897.5, 811), (2374.5, 925)]
[(1897.0, 811), (2370.5, 924)]
[(1898.0, 809), (2364.5, 924)]
[(1899.0, 808), (2361.0, 922)]
[(1900.0, 808), (2354.5, 913)]
[(1900.5, 804), (2352.0, 912)]
[(1901.5, 802), (2346.0, 907)]
[(1903.0, 801), (2342.0, 904)]
[(1902.0, 798), (2336.5, 904)]
[(1904.0, 796), (2331.5, 903)]
[(1904.5, 792), (2325.5, 903)]
[(1906.0, 792), (2320.5, 904)]
[(1907.5, 789), (2314.5, 902)]
[(1908.0, 791), (2311.5, 902)]
[(1908.5, 791), (2305.0, 895)]
[(1909.0, 792), (2303.0, 892)]
[(1908.0, 790), (2297.5, 886)]
[(1908.0, 787), (2293.5, 885)]
[(1908.5, 785), (2288.0, 885)]
[(1909.0, 785), (2284.0, 885)]
[(1910.0, 784), (2281.0, 885)]
[(1910.0, 784), (2275.0, 884)]
[(1910.5, 785), (2274.0, 881)]
[(1910.0, 787), (2270.0, 880)]
[(1911.0, 788), (2268.0, 877)]
[(1911.0, 786), (2263.0, 875)]
[(1911.5, 785), (2259.0, 872)]
[(1912.0, 785), (2257.0, 868)]
[(1913.5, 782), (2254.0, 869)]
[(1914.0, 782), (2250.0, 869)]
[(1914.0, 782), (2248.0, 869)]
[(1915.0, 779), (2246.0, 866)]
[(1916.0, 781), (2243.0, 862)]
[(1915.5, 776), (2241.0, 858)]
[(1918.5, 773), (2239.0, 855)]
[(1918.5, 771), (2237.0, 853)]
[(1918.5, 769), (2235.0, 851)]
[(1921.0, 769), (2232.0, 851)]
[(1921.0, 769), (2229.0, 851)]
[(1920.5, 768), (2228.0, 852)]
[(1921.5, 769), (2226.0, 849)]
[(1922.5, 769), (2226.0, 846)]
[(1924.0, 770), (2224.0, 844)]
[(1923.5, 768), (2223.0, 842)]
[(1925.5, 766), (2221.0, 839)]
[(1927.5, 764), (2220.0, 836)]
[(1929.5, 760), (2219.0, 836)]
[(1930.0, 756), (2218.0, 835)]
[(1932.0, 753), (2216.0, 835)]
[(1936.0, 752), (2214.5, 837)]
[(1936.0, 753), (2212.5, 837)]
[(1938.0, 754), (2210.5, 835)]
[(1940.0, 753), (2210.0, 832)]
[(1942.0, 753), (2209.0, 830)]
[(1944.0, 753), (2208.0, 829)]
[(1946.5, 751), (2207.0, 825)]
[(1949.5, 750), (2207.0, 823)]
[(1952.5, 749), (2207.0, 821)]
[(1955.0, 749), (2206.0, 820)]
[(1958.0, 746), (2204.5, 821)]
[(1962.0, 746), (2204.5, 822)]
[(1965.0, 747), (2203.5, 820)]
[(1968.0, 747), (2202.0, 818)]
[(1970.0, 746), (2203.0, 815)]
[(1974.0, 746), (2203.0, 811)]
[(1976.5, 746), (2201.5, 808)]
[(1978.5, 746), (2201.0, 808)]
[(1983.0, 746), (2201.0, 806)]
[(1985.0, 746), (2201.0, 806)]
[(1988.0, 743), (2199.0, 807)]
[(1991.5, 742), (2199.0, 808)]
[(1996.0, 741), (2197.5, 809)]
[(1999.0, 743), (2196.5, 808)]
[(2002.0, 742), (2195.5, 808)]
[(2005.0, 741), (2195.5, 807)]
[(2008.5, 743), (2194.5, 805)]
[(2011.5, 744), (2194.0, 802)]
[(2015.0, 746), (2193.0, 801)]
[(2017.0, 746), (2193.0, 800)]
[(2021.0, 745), (2191.5, 800)]
[(2026.0, 745), (2191.5, 801)]
[(2030.0, 744), (2188.5, 800)]
[(2033.0, 744), (2189.0, 801)]
[(2037.0, 743), (2187.5, 799)]
[(2041.0, 743), (2187.5, 798)]
[(2045.0, 747), (2186.5, 797)]
[(2048.0, 748), (2185.5, 796)]
[(2052.0, 752), (2185.5, 793)]
[(2055.0, 752), (2183.0, 794)]
[(2059.0, 753), (2183.0, 795)]
[(2061.0, 755), (2181.0, 795)]
[(2063.0, 756), (2179.0, 796)]
[(2056.0, 799), (2178.5, 797)]
[(2058.0, 817), (2176.5, 797)]
[(2077.0, 858), (2175.0, 794)]
[(2080.0, 858), (2173.5, 791)]
[(2081.0, 858), (2171.5, 789)]
[(2083.5, 858), (2170.5, 788)]
[(2086.5, 858), (2168.5, 787)]
[(2088.5, 860), (2166.5, 785)]
[(2093.5, 865), (2165.0, 786)]
[(2095.5, 866), (2163.0, 787)]
[(2096.5, 867), (2161.0, 788)]
[(2099.5, 869), (2159.0, 789)]
[(2103.0, 872), (2156.0, 789)]
[(2104.0, 872), (2154.0, 789)]
[(2106.0, 873), (2151.0, 789)]
[(2108.0, 875), (2150.0, 788)]
[(2110.0, 877), (2148.0, 787)]
[(2112.0, 879), (2147.0, 785)]
[(2115.0, 883), (2145.0, 786)]
[(2116.0, 885), (2144.0, 787)]
[(2116.0, 887), (2142.0, 786)]
[(2118.0, 888), (2139.0, 788)]
[(2120.0, 888), (2137.0, 788)]
[(2121.0, 889), (2135.0, 790)]
[(2121.0, 891), (2135.0, 789)]
[(2124.0, 896), (2132.5, 791)]
[(2124.0, 898), (2130.5, 791)]
[(2125.0, 900), (2129.0, 790)]
[(2125.0, 901), (2126.0, 788)]
[(2124.0, 903), (2124.0, 788)]
[(2125.0, 903), (2122.0, 788)]
[(2126.0, 905), (2120.0, 788)]
[(2126.0, 909), (2119.0, 787)]
[(2127.0, 913), (2117.0, 789)]
[(2127.0, 916), (2115.0, 791)]
[(2126.0, 919), (2112.0, 791)]
[(2126.0, 921), (2110.0, 791)]
[(2126.0, 922), (2108.0, 791)]
[(2125.0, 923), (2107.0, 790)]
[(2124.0, 925), (2105.0, 789)]
[(2124.5, 925), (2103.0, 789)]
[(2124.5, 927), (2103.0, 790)]
[(2125.5, 931), (2102.0, 790)]
[(2124.5, 936), (2100.0, 790)]
[(2123.5, 938), (2099.5, 790)]
[(2121.5, 940), (2097.5, 790)]
[(2121.0, 939), (2098.0, 790)]
[(2119.0, 940), (2097.0, 791)]
[(2118.0, 943), (2095.0, 791)]
[(2118.0, 946), (2095.0, 790)]
[(2116.0, 950), (2093.0, 791)]
[(2116.0, 954), (2093.5, 792)]
[(2115.0, 957), (2092.5, 792)]
[(2114.0, 958), (2091.5, 791)]
[(2113.0, 960), (2091.5, 789)]
[(2113.0, 962), (2089.5, 789)]
[(2112.0, 964), (2089.5, 790)]
[(2111.0, 967), (2088.5, 791)]
[(2110.0, 972), (2088.5, 791)]
[(2110.0, 975), (2086.5, 791)]
[(2109.0, 979), (2085.5, 792)]
[(2109.0, 981), (2085.5, 792)]
[(2108.0, 983), (2084.5, 792)]
[(2108.0, 985), (2083.5, 792)]
[(2108.0, 986), (2083.5, 793)]
[(2107.0, 989), (2082.5, 794)]
[(2105.0, 995), (2082.5, 796)]
[(2105.0, 1000), (2081.5, 796)]
[(2105.0, 1005), (2080.5, 795)]
[(2104.0, 1007), (2078.5, 793)]
[(2104.0, 1010), (2076.5, 794)]
[(2104.0, 1011), (2075.5, 792)]
[(2103.0, 1014), (2075.5, 793)]
[(2102.0, 1016), (2075.5, 794)]
[(2102.0, 1021), (2074.5, 795)]
[(2101.0, 1027), (2074.0, 798)]
[(2100.0, 1032), (2073.0, 799)]
[(2098.0, 1035), (2072.0, 800)]
[(2096.0, 1038), (2072.0, 801)]
[(2096.0, 1042), (2072.0, 801)]
[(2094.0, 1043), (2071.0, 801)]
[(2093.0, 1047), (2071.0, 802)]
[(2091.0, 1052), (2070.0, 801)]
[(2090.0, 1059), (2070.0, 802)]
[(2086.0, 1063), (2070.0, 804)]
[(2086.0, 1066), (2070.0, 805)]
[(2085.0, 1068), (2069.0, 805)]
[(2085.0, 1071), (2068.0, 807)]
[(2084.0, 1073), (2068.0, 807)]
[(2082.0, 1075), (2068.0, 808)]
[(2081.0, 1079), (2068.0, 810)]
[(2079.0, 1084), (2067.0, 810)]
[(2078.0, 1089), (2067.0, 809)]
[(2077.0, 1095), (2067.0, 809)]
[(2076.0, 1098), (2068.0, 809)]
[(2075.0, 1101), (2068.0, 810)]
[(2074.0, 1103), (2068.0, 811)]
[(2072.0, 1105), (2068.0, 811)]
[(2073.0, 1109), (2066.5, 810)]
[(2069.0, 1113), (2069.0, 812)]
[(2069.0, 1120), (2068.0, 812)]
[(2070.0, 1126), (2069.0, 813)]
[(2067.0, 1133), (2069.0, 812)]
[(2066.5, 1136), (2070.0, 814)]
[(2065.5, 1139), (2070.0, 814)]
[(2064.5, 1142), (2071.0, 815)]
[(2062.5, 1145), (2072.0, 817)]
[(2062.5, 1149), (2073.0, 820)]
[(2061.5, 1155), (2073.0, 821)]
[(2060.5, 1162), (2073.0, 823)]
[(2058.5, 1168), (2074.0, 823)]
[(2057.5, 1174), (2074.5, 822)]
[(2054.5, 1177), (2073.5, 823)]
[(2054.5, 1179), (2073.5, 823)]
[(2054.0, 1185), (2074.5, 823)]
[(2052.0, 1189), (2074.5, 824)]
[(2049.0, 1194), (2073.5, 824)]
[(2048.0, 1202), (2074.5, 824)]
[(2047.0, 1208), (2073.5, 826)]
[(2044.0, 1214), (2074.5, 827)]
[(2043.0, 1222), (2074.5, 827)]
[(2041.0, 1225), (2075.5, 828)]
[(2040.0, 1229), (2075.5, 829)]
[(2037.0, 1231), (2076.5, 830)]
[(2036.0, 1238), (2076.5, 831)]
[(2035.0, 1244), (2077.5, 832)]
[(2035.0, 1253), (2078.5, 834)]
[(2032.0, 1259), (2078.5, 835)]
[(2030.0, 1267), (2078.5, 836)]
[(2028.0, 1273), (2080.0, 839)]
[(2026.0, 1275), (2081.0, 839)]
[(2026.0, 1278), (2082.0, 839)]
[(2024.0, 1281), (2083.0, 839)]
[(2024.0, 1286), (2083.0, 840)]
[(2022.0, 1293), (2084.0, 841)]
[(2020.0, 1300), (2085.0, 842)]
[(2017.0, 1308), (2085.0, 845)]
[(2015.0, 1317), (2085.0, 846)]
[(2013.5, 1323), (2086.0, 850)]
[(2012.5, 1327), (2089.0, 852)]
[(2011.5, 1331), (2090.0, 855)]
[(2011.5, 1336), (2091.0, 857)]
[(2009.5, 1339), (2094.0, 858)]
[(2009.5, 1345), (2095.0, 857)]
[(2008.5, 1350), (2098.0, 857)]
[(2006.5, 1356), (2101.0, 858)]
[(2005.5, 1364), (2102.0, 860)]
[(2004.5, 1373), (2104.5, 860)]
[(2003.5, 1380), (2106.5, 863)]
[(2001.5, 1385), (2109.5, 865)]
[(2000.5, 1388), (2110.5, 868)]
[(1999.5, 1391), (2111.5, 870)]
[(1996.5, 1392), (2113.5, 869)]
[(1996.5, 1396), (2116.5, 868)]
[(1995.5, 1402), (2117.5, 869)]
[(1994.5, 1412), (2119.5, 869)]
[(1992.5, 1426), (2121.5, 871)]
[(1991.5, 1432), (2123.5, 872)]
[(1989.5, 1437), (2125.5, 874)]
[(1988.5, 1441), (2126.5, 877)]
[(1987.5, 1445), (2128.5, 881)]
[(1986.5, 1447), (2129.5, 883)]
[(1986.5, 1450), (2131.5, 883)]
[(1985.5, 1453), (2132.5, 884)]
[(1984.5, 1456), (2134.5, 884)]
[(1982.5, 1461), (2135.5, 885)]
[(1981.5, 1468), (2137.5, 886)]
